190
977
879
761
532
571
585
822
760
918
853
748
539
847
787
795
711
847
759
797
562
936
762
851
828
704
918
698
872
605
765
941
857
778
728
885
584
813
529
849
950
829
578
501
815
506
510
943
986
790
935
792
895
934
625
834
916
888
794
608
828
828
600
839
958
515
548
893
948
783
698
901
606
611
664
950
898
796
887
876
600
758
653
839
670
881
780
967
826
995
566
886
586
957
619
961
858
974
590
656
745
0.277152
84.415010
22.544689
0.084123
1.269219
4.097302
36.328882
53.179324
40.226494
68.470363
47.333512
0.291210
87.399913
42.603701
9.435602
34.416902
10.706358
53.783837
37.305393
4.540353
111.556216
9.172105
57.425300
9.446723
16.288356
68.561184
6.820563
68.399889
19.034513
46.637284
89.892521
16.512261
6.747449
44.701330
38.350633
1.477395
11.375187
3.355265
22.532675
133.370577
20.092934
8.355926
6.226086
76.059811
1.350393
1.712823
62.851914
80.296085
12.035628
92.237561
73.572255
3.553870
51.440914
9.002298
84.165319
93.988452
94.670281
8.906202
1.716618
6.778230
82.685652
2.604074
19.258728
44.601190
6.291368
6.008954
5.008446
77.890505
27.304846
20.187752
94.812940
7.715529
7.482884
23.610921
116.531802
5.737749
70.849016
14.633023
94.087313
3.433941
19.453246
7.741555
10.595156
1.975322
94.827241
62.820067
21.667610
28.220938
139.145582
0.557540
71.037309
9.048778
86.371549
3.092316
80.849631
20.796275
12.357108
23.879717
5.378077
22.587040
